   7537
   8410
   3756
   7667
   5312
   2062
   4136
   7229
   6846
   9902
   8956
   4752
   3853
   4999
   6547
   2245
   4905
   9807
   6594
   3387
   2091
   8165
   4492
   7053
   6268
   5417
   1202
   2641
   5709
    509
   8423
   3247
   5271
   2180
   7266
   6936
    594
   7754
   4165
   7440
   7656
   9473
   8545
   1510
    824
   5092
    107
   5729
   1251
   3054
   5468
   3342
   1219
   9960
    395
   7487
   1729
   7950
    128
   3791
   4811
   4904
   3390
   6435
   7084
    656
   3371
   7678
   8411
   3888
   1471
   2419
   3361
     16
    281
   4185
   1460
    389
   6266
   2711
   3443
   1734
   6053
   1014
   8046
   2800
   8501
   9775
    750
   4981
   9918
   5562
   9885
   3308
   8349
   6969
    317
   1720
   1000
   8728
   1960
   2471
   7499
   5321
   8839
   7781
   5858
    299
   4522
   2124
   3010
   4317
   3858
   9063
   5331
   1904
   1863
    184
   8031
   8966
   5165
   7950
    880
   1403
   1258
   9229
   4724
   1575
    949
   5724
   6655
   9261
   4547
    507
   4582
   3386
   8288
   6792
   3685
   9162
   8916
   6695
   9831
   9126
   2110
   1514
   1030
   3974
   1698
   9061
   9292
   3215
   7011
    172
   4618
   4622
   9401
   5695
   2549
   6702
   1419
   9205
   5963
   5967
   6064
   6897
   9353
    704
   3689
   9391
   9866
   2605
   2438
   6049
   1731
   4549
   7563
   9113
   4875
   5613
   4526
   4167
   8828
   7890
   4339
   9799
   2512
     92
   1846
   1413
   6794
   3265
   6970
   9109
   5584
   3034
   6006
   4938
   3738
   9695
    681
   9956
   8652
   3119
   6005
   6735
   7668
   3568
   2200
   8895
   5533
   6726
   9414
    714
    968
   3753
   6865
   3480
    197
   8711
   1246
   6991
   1976
   8216
   6100
   7561
   1251
   8458
   8851
   1341
   4505
   5884
   1298
   9509
   9003
   7303
   6244
   3024
   7224
   4796
   1919
   2757
   7875
   1334
   9823
   8843
   1439
   6688
   8676
   1637
   5399
   9922
   4980
   3728
   4490
   7433
   7641
   5741
   5891
   6492
   3435
    397
   2376
   4733
   9906
   7731
   8388
   2503
    755
   5612
   7299
   9027
   4722
   1526
   6713
   4545
    370
   8152
   1234
   9046
   6141
   2985
   5320
   1122
   6713
   9810
   8555
   4354
   1904
    798
    846
   5339
   1195
   9574
     72
   7454
   7306
   8460
   9957
   4413
    425
   3608
   3440
   1499
   5135
    153
   6044
   1857
   4658
   3630
    903
    799
   6616
   6223
   8273
   3329
   2385
   3180
   7684
   4289
   3979
   4882
   9628
   1526
    809
   6052
   8980
   4467
    865
   5289
   8880
   1290
   5250
   8673
   2789
   6737
   5178
   5185
   8594
   9836
   8816
   5849
   6988
   5432
   8424
   1613
   8761
    809
   1146
   2797
   5099
   5125
   4032
   1079
   3003
   4841
   7132
   1984
   9308
   7997
   3625
   4540
   5639
   8875
   9565
   4780
   5612
   4744
   9965
    558
    932
   8781
   6407
   4272
    565
   4831
   5886
   5679
   1993
   7032
   8476
   7092
   8509
   2508
   8171
   7864
   3701
   1655
   6200
   3009
   6004
   9826
   3902
   1643
   5053
   3467
   6423
   7018
   4563
   2741
   7576
   5496
   1522
   3984
   6120
   8440
   5167
   2006
   4119
   7160
   5390
   8947
    604
    251
   7808
   5128
   8116
   1509
   6783
   4316
    871
   2788
    494
   4773
    783
   5548
   4592
   3559
   2566
   9156
   6300
    142
   1004
   4174
    478
   7124
   2614
   1998
   5483
   6733
   9158
   7225
   2033
   9763
   7477
   9841
   1243
   1945
   1350
   8026
   2613
   2221
   7166
   3108
   3346
   4302
   5008
   4291
   7861
   7574
   3447
   4161
   4068
    803
   8335
    899
   7927
    950
   2897
   3410
   4035
   8407
   6988
   6068
   4522
   4465
   2261
   5765
   2762
   3612
    144
   5375
   2185
   3662
   4835
   1884
   7964
   9843
   6175
   5825
   3769
   5974
   9986
   4190
   6777
   4674
   5089
   4704
   1976
   4338
   4467
   2363
   2745
   1455
   4784
   3620
   2272
   7045
   9385
   1386
    657
   5881
   3113
   9195
   9544
   7949
   1079
   7508
   4144
   7254
   9686
   4266
   9580
   6024
   8456
   6357
    698
   3545
   7413
   9026
   4235
   8232
   1390
   6980
   6039
   6174
   6952
   4663
   3219
   6338
   6049
    229
   8571
   9163
   5776
   8115
   3464
   6855
   1976
   3960
    461
   1662
   8226
     41
   4038
   6682
   2750
   1089
   6579
    163
    115
    814
   8396
   7857
   4147
   4435
   4031
   1099
   9099
   3603
   3789
   1500
    184
   2361
   7015
   2312
   6828
   6831
   9167
   5156
    792
   5980
   3170
   9018
   2373
   7209
   2053
   5123
   8298
   4984
   5286
   8413
   5799
     34
   2623
   6298
    822
   3006
   3749
   6273
   6609
   3891
   7773
   3145
   2604
   1141
   5457
   9432
   7972
    976
    941
   8764
   3308
   4111
   4135
   5681
   1320
   2540
    804
   9618
   7524
   2443
   4384
   9675
   8829
   7007
   5973
   9651
     13
   6075
   2276
   2975
   9966
   6402
   2472
   8922
   7543
   4282
   4706
   5515
   1610
   5647
    632
   4919
   9759
   1119
   6952
   1079
   3659
   4109
   7050
   1183
   2904
   1434
    859
   1733
   4793
   3184
   7737
   1158
   5611
     13
    485
   1929
   6415
   2958
    851
   3958
   3592
   5558
   5826
   5202
   1205
   6458
   6473
    964
   7577
   3426
   8396
   7588
   7535
   5446
   8771
   6791
   3232
   5982
   8524
   8025
   5519
   6261
   5535
   1130
   2627
   6021
   9412
   9042
   5331
    263
   9353
   8923
   5821
   5179
    477
   3379
   7989
   6951
   4343
   1918
   6729
   2739
   9506
    616
   4537
   4629
   7407
   7769
    612
   2283
   2146
   2483
   4897
   7682
   9965
   7524
     55
   9377
   2918
   1738
   9641
   2271
    661
   1814
   3802
   7490
   5193
   8143
    793
   5889
     61
   7522
   4980
   9567
   4490
   9518
   4197
   1897
   3639
   1161
    533
   5786
   3644
   5430
   9820
   9961
   2954
   6227
   9339
   5872
   7965
   5332
   4496
   4978
   7146
   4650
   8820
   2340
   2794
   9614
   4581
   9207
   3488
   9561
   8775
   7979
   5431
   9324
   6228
   9071
   6837
   6761
   1209
    481
   8543
   7381
    442
   1497
   3608
   6133
   3722
   7925
   1465
   8218
   2903
   8612
   9220
   8075
   7304
   2014
   7689
   8237
   1222
   7530
   7798
   6349
   5509
   3230
   2025
   8089
   2301
   8862
   1203
   9862
   5695
   9746
   7243
   2489
   7596
    851
   8623
   1318
   8776
   6440
   5888
   8031
   1404
   1460
   6106
   5060
   9827
    148
   3297
   7401
   7678
   1096
   3750
   9539
    678
   2127
   3980
   9331
    989
   5183
   9193
   3036
   1282
   6436
   5525
   5230
   7287
    500
   6548
   -999
   2415  
   6941  
   8788  
   6798  
   4697  
    248  
   9256  
   9758  
     75  
   5756  
     92
   1298
   2200
   3608
   4272
   5008
   6338
   7050
   8923
   9862
   -999
