124
2 1  20
4 3  93
5 2  18
7 2  44
7 3  81
8 1  63
8 2  71
8 3  48
8 6  88
9 1  84
9 2  73
9 5  88
9 6 115
9 7  43
10 2  11
10 5   8
11 2  46
11 3  69
11 5  63
11 9  28
12 2   6
12 7  40
12 10  16
13 30  83
13 1  49
13 2  61
13 6  75
13 8  16
13 9  53
13 10  57
13 11  59
14 4  72
14 6  64
15 1  81
15 5  77
15 6  85
15 8  75
15 10  71
15 13  88
16 5  54
16 6  79
16 10  48
17 3  32
17 5  18
17 8  61
17 15  67
18 6  83
18 12  46
18 15   9
19 30  25
19 7   7
19 11  29
19 12  35
19 16   3
19 18  12
20 3  97
20 4  33
20 6  70
20 9  53
20 11  45
20 12  53
20 13 103
20 14  90
21 1  24
21 3  44
21 4  69
21 5  20
21 6  58
21 7  41
21 8  76
21 10  14
21 14 104
21 19  36
21 20  54
22 30  43
22 4  12
22 9  83
22 12  57
22 15  48
22 21  57
23 30  21
23 6  52
23 7  48
23 8  76
23 11  53
23 17  15
23 18  55
24 30  50
24 1  75
24 7  19
24 9  24
24 14  79
24 16  25
24 23  63
25 1  88
25 10  81
25 15  41
25 19  51
25 20  31
25 22  18
26 18  21
26 19  24
26 20  37
26 22  69
27 3  31
27 9  49
27 14  50
27 16  70
27 18  77
27 21  57
27 24  61
27 25 117
28 1  83
28 2 100
28 5  90
28 11  77
28 12 106
28 13  39
28 25  71
29 30  73
29 7  63
29 12  60
29 21  61
29 27  11